074
138
101
027
008
103
048
126
098
029
080
057
115
026
067
122
071
112
130
135
040
090
137
070
035
055
130
003
107
085
072
058
073
036
113
007
081
105
084
042
082
099
132
131
079
051
025
125
065
097
077
063
019
011
087
001
024
045
017
061
004
037
111
095
012
133
088
075
010
049
060
093
056
110
118
076
142
089
043
141
020
109
116
059
134
032
053
104
121
086
096
013
078
064
034
136
144
069
119
145
100
068
140
052
009
000
050
039
066
129
031
106
096
089
030
066
068
106
065
099
009
033
010
002
060
011
012
016
059
132
037
121
128
039
038
127
028
093
019
140
005
043
131
100
062
073
134
110
113
102
109
069
085
064
049
007
025
108
013
001
084
061
014
051
020
077
141
